1070 10004525 1 Emre Simsek -500 16 5 2019
1070 10004525 1 Emre Simsek -900 16 5 2019
1070 10004531 1 Emre Simsek -600 16 5 2019
1109 10004590 1 Erge Akova +600 16 5 2019
1175 10009214 2 Ismail Kildis -500 16 5 2019
1243 10009332 2 Emre Salman +500 16 5 2019
1070 10004525 1 Emre Simsek -72 16 5 2019
1109 10004590 1 Erge Akova +72 16 5 2019
1109 10004590 1 Erge Akova -400 16 5 2019
1243 10009332 2 Emre Salman +400 16 5 2019
1109 10004590 1 Erge Akova -150 19 5 2019
1109 10004590 1 Erge Akova -64 19 5 2019
1243 10009332 2 Emre Salman +500 19 5 2019
